[0,0,0,0][0,0,0,0][0,0,0,0][0,0,0,0][0,0,0,0][0,0,0,0][0,0,0,0][0,0,0,0][0,0,0,0][0,0,0,0][0,0,0,0][0,0,0,0][0,0,0,0][0,0,0,0][0,0,0,0][0,0,0,0][0,0,0,0][0,0,0,0][0,0,0,0][0,0,0,0][0,0,0,0][0,0,0,0][0,0,0,0][0,0,0,0][0,0,0,0][0,0,0,0][0,0,0,0][0,0,0,0][0,0,0,0][0,0,0,0]
[0,0,0,0][0,0,0,0][0,0,0,0][0,0,0,0][0,0,0,0][0,0,0,0][0,0,0,0][0,0,0,0][0,0,0,0][0,0,0,0][0,0,0,0][0,0,0,0][0,0,0,0][0,0,0,0][0,0,0,0][0,0,0,0][0,0,0,0][0,0,0,0][0,0,0,0][0,0,0,0][0,0,0,0][0,0,0,0][0,0,0,0][0,0,0,0][0,0,0,0][0,0,0,0][0,0,0,0][0,0,0,0][0,0,0,0][0,0,0,0]
[0,0,0,0][0,0,0,0][0,0,0,0][0,0,0,0][0,0,0,0][0,0,0,0][0,0,0,0][0,0,0,0][0,0,0,0][0,0,0,0][0,0,0,0][0,0,0,0][0,0,0,0][0,0,0,0][0,0,0,0][0,0,0,0][0,0,0,0][0,0,0,0][0,0,0,0][0,0,0,0][0,0,0,0][0,0,0,0][0,0,0,0][0,0,0,0][0,0,0,0][0,0,0,0][0,0,0,0][0,0,0,0][0,0,0,0][0,0,0,0]
[0,0,0,0][0,0,0,0][0,0,0,0][0,0,0,0][0,0,0,0][0,0,0,0][0,0,0,0][0,0,0,0][0,0,0,0][0,0,0,0][0,0,0,0][0,0,0,0][0,0,0,0][0,0,0,0][0,0,0,0][0,0,0,0][0,0,0,0][0,0,0,0][0,0,0,0][0,0,0,0][0,0,0,0][0,0,0,0][0,0,0,0][0,0,0,0][0,0,0,0][0,0,0,0][0,0,0,0][0,0,0,0][0,0,0,0][0,0,0,0]
[0,0,0,0][0,0,0,0][0,0,0,0][0,0,0,0][0,0,0,0][0,0,0,0][0,0,0,0][0,0,0,0][0,0,0,0][0,0,0,0][0,0,0,0][0,0,0,0][0,0,0,0][0,0,0,0][0,0,0,0][0,0,0,0][0,0,0,0][0,0,0,0][0,0,0,0][0,0,0,0][0,0,0,0][0,0,0,0][0,0,0,0][0,0,0,0][0,0,0,0][0,0,0,0][0,0,0,0][0,0,0,0][0,0,0,0][0,0,0,0]
[0,0,0,0][0,0,0,0][204,195,94,255][204,195,94,255][204,195,94,255][204,195,94,255][204,195,94,255][204,195,94,255][0,0,0,0][0,0,0,0][0,0,0,0][0,0,0,0][0,0,0,0][0,0,0,0][0,0,0,0][0,0,0,0][0,0,0,0][0,0,0,0][0,0,0,0][0,0,0,0][0,0,0,0][0,0,0,0][0,0,0,0][0,0,0,0][0,0,0,0][0,0,0,0][0,0,0,0][0,0,0,0][0,0,0,0][0,0,0,0]
[0,0,0,0][0,0,0,0][0,0,0,0][0,0,0,0][204,195,94,255][204,195,94,255][0,0,0,0][0,0,0,0][0,0,0,0][0,0,0,0][0,0,0,0][0,0,0,0][0,0,0,0][0,0,0,0][0,0,0,0][0,0,0,0][0,0,0,0][0,0,0,0][0,0,0,0][0,0,0,0][0,0,0,0][0,0,0,0][0,0,0,0][0,0,0,0][0,0,0,0][0,0,0,0][0,0,0,0][0,0,0,0][0,0,0,0][0,0,0,0]
[0,0,0,0][0,0,0,0][0,0,0,0][0,0,0,0][204,195,94,255][204,195,94,255][0,0,0,0][0,0,0,0][0,0,0,0][0,0,0,0][255,137,125,255][255,137,125,255][0,0,0,0][255,137,125,255][255,137,125,255][0,0,0,0][0,0,0,0][0,0,0,0][0,0,0,0][0,0,0,0][0,0,0,0][0,0,0,0][222,208,135,255][222,208,135,255][222,208,135,255][0,0,0,0][0,0,0,0][0,0,0,0][0,0,0,0][0,0,0,0]
[0,0,0,0][0,0,0,0][0,0,0,0][0,0,0,0][204,195,94,255][204,195,94,255][0,0,0,0][0,0,0,0][0,0,0,0][255,137,125,255][0,0,0,0][0,0,0,0][255,137,125,255][0,0,0,0][0,0,0,0][255,137,125,255][0,0,0,0][0,0,0,0][0,0,0,0][0,0,0,0][222,208,135,255][222,208,135,255][222,208,135,255][222,208,135,255][204,204,204,255][222,208,135,255][222,208,135,255][0,0,0,0][0,0,0,0][0,0,0,0]
[0,0,0,0][0,0,0,0][0,0,0,0][0,0,0,0][204,195,94,255][204,195,94,255][0,0,0,0][0,0,0,0][255,137,125,255][0,0,0,0][0,0,0,0][0,0,0,0][0,0,0,0][0,0,0,0][0,0,0,0][0,0,0,0][255,137,125,255][0,0,0,0][0,0,0,0][222,208,135,255][222,208,135,255][222,208,135,255][204,204,204,255][222,208,135,255][222,208,135,255][222,208,135,255][222,208,135,255][222,208,135,255][0,0,0,0][0,0,0,0]
[0,0,0,0][0,0,0,0][0,0,0,0][0,0,0,0][204,195,94,255][204,195,94,255][0,0,0,0][0,0,0,0][255,137,125,255][0,0,0,0][0,0,0,0][0,0,0,0][0,0,0,0][0,0,0,0][0,0,0,0][0,0,0,0][255,137,125,255][0,0,0,0][0,0,0,0][116,208,125,255][116,208,125,255][116,208,125,255][116,208,125,255][116,208,125,255][116,208,125,255][116,208,125,255][116,208,125,255][116,208,125,255][0,0,0,0][0,0,0,0]
[0,0,0,0][0,0,0,0][0,0,0,0][0,0,0,0][204,195,94,255][204,195,94,255][0,0,0,0][0,0,0,0][255,137,125,255][0,0,0,0][0,0,0,0][0,0,0,0][0,0,0,0][0,0,0,0][0,0,0,0][0,0,0,0][255,137,125,255][0,0,0,0][116,208,125,255][255,255,255,255][255,255,255,255][255,137,125,255][255,137,125,255][255,137,125,255][255,137,125,255][255,137,125,255][255,137,125,255][255,137,125,255][116,208,125,255][0,0,0,0]
[0,0,0,0][0,0,0,0][0,0,0,0][0,0,0,0][204,195,94,255][204,195,94,255][0,0,0,0][0,0,0,0][0,0,0,0][255,137,125,255][0,0,0,0][0,0,0,0][0,0,0,0][0,0,0,0][0,0,0,0][255,137,125,255][0,0,0,0][0,0,0,0][0,0,0,0][185,94,81,255][185,94,81,255][185,94,81,255][185,94,81,255][185,94,81,255][185,94,81,255][185,94,81,255][185,94,81,255][185,94,81,255][0,0,0,0][0,0,0,0]
[0,0,0,0][0,0,0,0][0,0,0,0][0,0,0,0][204,195,94,255][204,195,94,255][0,0,0,0][0,0,0,0][0,0,0,0][0,0,0,0][255,137,125,255][0,0,0,0][0,0,0,0][0,0,0,0][255,137,125,255][0,0,0,0][0,0,0,0][0,0,0,0][0,0,0,0][219,101,89,255][219,101,89,255][219,101,89,255][219,101,89,255][219,101,89,255][219,101,89,255][219,101,89,255][219,101,89,255][219,101,89,255][0,0,0,0][0,0,0,0]
[0,0,0,0][0,0,0,0][0,0,0,0][0,0,0,0][204,195,94,255][204,195,94,255][0,0,0,0][0,0,0,0][0,0,0,0][0,0,0,0][255,137,125,255][0,0,0,0][0,0,0,0][0,0,0,0][255,137,125,255][0,0,0,0][0,0,0,0][0,0,0,0][219,101,89,255][222,208,135,255][222,208,135,255][222,208,135,255][222,208,135,255][222,208,135,255][222,208,135,255][222,208,135,255][222,208,135,255][222,208,135,255][0,0,0,0][0,0,0,0]
[0,0,0,0][0,0,0,0][0,0,0,0][0,0,0,0][204,195,94,255][204,195,94,255][0,0,0,0][0,0,0,0][0,0,0,0][0,0,0,0][0,0,0,0][255,137,125,255][0,0,0,0][255,137,125,255][0,0,0,0][0,0,0,0][0,0,0,0][0,0,0,0][0,0,0,0][0,0,0,0][222,208,135,255][222,208,135,255][222,208,135,255][222,208,135,255][222,208,135,255][222,208,135,255][222,208,135,255][0,0,0,0][0,0,0,0][0,0,0,0]
[0,0,0,0][0,0,0,0][204,195,94,255][204,195,94,255][204,195,94,255][204,195,94,255][204,195,94,255][204,195,94,255][0,0,0,0][0,0,0,0][0,0,0,0][0,0,0,0][255,137,125,255][0,0,0,0][0,0,0,0][0,0,0,0][0,0,0,0][0,0,0,0][0,0,0,0][0,0,0,0][0,0,0,0][0,0,0,0][0,0,0,0][0,0,0,0][0,0,0,0][0,0,0,0][0,0,0,0][0,0,0,0][0,0,0,0][0,0,0,0]
[0,0,0,0][0,0,0,0][0,0,0,0][0,0,0,0][0,0,0,0][0,0,0,0][0,0,0,0][0,0,0,0][0,0,0,0][0,0,0,0][0,0,0,0][0,0,0,0][0,0,0,0][0,0,0,0][0,0,0,0][0,0,0,0][0,0,0,0][0,0,0,0][0,0,0,0][0,0,0,0][0,0,0,0][0,0,0,0][0,0,0,0][0,0,0,0][0,0,0,0][0,0,0,0][0,0,0,0][0,0,0,0][0,0,0,0][0,0,0,0]
[0,0,0,0][0,0,0,0][0,0,0,0][0,0,0,0][0,0,0,0][0,0,0,0][0,0,0,0][0,0,0,0][0,0,0,0][0,0,0,0][0,0,0,0][0,0,0,0][0,0,0,0][0,0,0,0][0,0,0,0][0,0,0,0][0,0,0,0][0,0,0,0][0,0,0,0][0,0,0,0][0,0,0,0][0,0,0,0][0,0,0,0][0,0,0,0][0,0,0,0][0,0,0,0][0,0,0,0][0,0,0,0][0,0,0,0][0,0,0,0]
[0,0,0,0][0,0,0,0][0,0,0,0][0,0,0,0][0,0,0,0][0,0,0,0][0,0,0,0][0,0,0,0][0,0,0,0][0,0,0,0][0,0,0,0][0,0,0,0][0,0,0,0][0,0,0,0][0,0,0,0][0,0,0,0][0,0,0,0][0,0,0,0][0,0,0,0][0,0,0,0][0,0,0,0][0,0,0,0][0,0,0,0][0,0,0,0][0,0,0,0][0,0,0,0][0,0,0,0][0,0,0,0][0,0,0,0][0,0,0,0]
[0,0,0,0][0,0,0,0][0,0,0,0][0,0,0,0][0,0,0,0][0,0,0,0][0,0,0,0][0,0,0,0][0,0,0,0][0,0,0,0][0,0,0,0][0,0,0,0][0,0,0,0][0,0,0,0][0,0,0,0][0,0,0,0][0,0,0,0][0,0,0,0][0,0,0,0][0,0,0,0][0,0,0,0][0,0,0,0][0,0,0,0][0,0,0,0][0,0,0,0][0,0,0,0][0,0,0,0][0,0,0,0][0,0,0,0][0,0,0,0]
[0,0,0,0][0,0,0,0][0,0,0,0][0,0,0,0][0,0,0,0][0,0,0,0][0,0,0,0][0,0,0,0][0,0,0,0][0,0,0,0][0,0,0,0][0,0,0,0][0,0,0,0][0,0,0,0][0,0,0,0][0,0,0,0][0,0,0,0][0,0,0,0][0,0,0,0][0,0,0,0][0,0,0,0][0,0,0,0][0,0,0,0][0,0,0,0][0,0,0,0][0,0,0,0][0,0,0,0][0,0,0,0][0,0,0,0][0,0,0,0]
[0,0,0,0][0,0,0,0][0,0,0,0][0,0,0,0][0,0,0,0][0,0,0,0][0,0,0,0][0,0,0,0][0,0,0,0][0,0,0,0][0,0,0,0][0,0,0,0][0,0,0,0][0,0,0,0][0,0,0,0][0,0,0,0][0,0,0,0][0,0,0,0][0,0,0,0][0,0,0,0][0,0,0,0][0,0,0,0][0,0,0,0][0,0,0,0][0,0,0,0][0,0,0,0][0,0,0,0][0,0,0,0][0,0,0,0][0,0,0,0]
[0,0,0,0][0,0,0,0][0,0,0,0][0,0,0,0][0,0,0,0][0,0,0,0][0,0,0,0][0,0,0,0][0,0,0,0][0,0,0,0][0,0,0,0][0,0,0,0][0,0,0,0][0,0,0,0][0,0,0,0][0,0,0,0][0,0,0,0][0,0,0,0][0,0,0,0][0,0,0,0][0,0,0,0][0,0,0,0][0,0,0,0][0,0,0,0][0,0,0,0][0,0,0,0][0,0,0,0][0,0,0,0][0,0,0,0][0,0,0,0]
[0,0,0,0][0,0,0,0][0,0,0,0][0,0,0,0][0,0,0,0][0,0,0,0][0,0,0,0][0,0,0,0][0,0,0,0][0,0,0,0][0,0,0,0][0,0,0,0][0,0,0,0][0,0,0,0][0,0,0,0][0,0,0,0][0,0,0,0][0,0,0,0][0,0,0,0][0,0,0,0][0,0,0,0][0,0,0,0][0,0,0,0][0,0,0,0][0,0,0,0][0,0,0,0][0,0,0,0][0,0,0,0][0,0,0,0][0,0,0,0]

