[128,118,241,255][128,118,241,255][128,118,241,255][128,118,241,255][128,118,241,255][128,118,241,255][128,118,241,255][255,255,255,255][255,255,255,255][255,255,255,255][128,118,241,255][128,118,241,255][128,118,241,255][255,255,255,255][128,118,241,255][128,118,241,255][128,118,241,255][128,118,241,255][128,118,241,255][128,118,241,255][128,118,241,255][128,118,241,255][128,118,241,255][128,118,241,255][128,118,241,255][128,118,241,255][128,118,241,255][128,118,241,255][128,118,241,255][255,255,255,255]
[128,118,241,255][255,255,255,255][128,118,241,255][128,118,241,255][128,118,241,255][128,118,241,255][255,255,255,255][255,255,255,255][255,255,255,255][255,255,255,255][255,255,255,255][128,118,241,255][128,118,241,255][128,118,241,255][128,118,241,255][128,118,241,255][128,118,241,255][128,118,241,255][128,118,241,255][128,118,241,255][128,118,241,255][128,118,241,255][255,255,255,255][128,118,241,255][128,118,241,255][128,118,241,255][128,118,241,255][128,118,241,255][128,118,241,255][128,118,241,255]
[128,118,241,255][128,118,241,255][128,118,241,255][128,118,241,255][128,118,241,255][128,118,241,255][255,255,255,255][255,255,255,255][255,255,255,255][255,255,255,255][255,255,255,255][128,118,241,255][128,118,241,255][128,118,241,255][128,118,241,255][128,118,241,255][128,118,241,255][128,118,241,255][128,118,241,255][128,118,241,255][128,118,241,255][128,118,241,255][128,118,241,255][128,118,241,255][128,118,241,255][128,118,241,255][128,118,241,255][128,118,241,255][128,118,241,255][128,118,241,255]
[128,118,241,255][128,118,241,255][128,118,241,255][58,162,65,255][58,162,65,255][58,162,65,255][58,162,65,255][58,162,65,255][255,255,255,255][255,255,255,255][62,184,73,255][62,184,73,255][128,118,241,255][128,118,241,255][128,118,241,255][255,255,255,255][62,184,73,255][62,184,73,255][62,184,73,255][62,184,73,255][62,184,73,255][128,118,241,255][128,118,241,255][128,118,241,255][128,118,241,255][128,118,241,255][128,118,241,255][128,118,241,255][128,118,241,255][128,118,241,255]
[128,118,241,255][58,162,65,255][58,162,65,255][58,162,65,255][58,162,65,255][58,162,65,255][58,162,65,255][58,162,65,255][58,162,65,255][58,162,65,255][62,184,73,255][62,184,73,255][62,184,73,255][128,118,241,255][128,118,241,255][128,118,241,255][62,184,73,255][62,184,73,255][62,184,73,255][62,184,73,255][62,184,73,255][62,184,73,255][128,118,241,255][128,118,241,255][128,118,241,255][128,118,241,255][255,255,255,255][128,118,241,255][62,184,73,255][62,184,73,255]
[58,162,65,255][58,162,65,255][58,162,65,255][58,162,65,255][58,162,65,255][58,162,65,255][58,162,65,255][58,162,65,255][58,162,65,255][58,162,65,255][58,162,65,255][62,184,73,255][62,184,73,255][62,184,73,255][62,184,73,255][62,184,73,255][222,208,135,255][222,208,135,255][222,208,135,255][222,208,135,255][222,208,135,255][62,184,73,255][62,184,73,255][62,184,73,255][62,184,73,255][62,184,73,255][62,184,73,255][62,184,73,255][116,208,125,255][116,208,125,255]
[58,162,65,255][58,162,65,255][58,162,65,255][58,162,65,255][58,162,65,255][58,162,65,255][58,162,65,255][58,162,65,255][58,162,65,255][58,162,65,255][222,208,135,255][58,162,65,255][222,208,135,255][222,208,135,255][222,208,135,255][222,208,135,255][89,85,224,255][89,85,224,255][89,85,224,255][89,85,224,255][89,85,224,255][222,208,135,255][222,208,135,255][222,208,135,255][62,184,73,255][62,184,73,255][62,184,73,255][116,208,125,255][116,208,125,255][116,208,125,255]
[58,162,65,255][58,162,65,255][58,162,65,255][58,162,65,255][58,162,65,255][58,162,65,255][58,162,65,255][58,162,65,255][222,208,135,255][222,208,135,255][89,85,224,255][222,208,135,255][89,85,224,255][89,85,224,255][89,85,224,255][89,85,224,255][89,85,224,255][89,85,224,255][89,85,224,255][89,85,224,255][89,85,224,255][89,85,224,255][89,85,224,255][89,85,224,255][222,208,135,255][222,208,135,255][116,208,125,255][116,208,125,255][116,208,125,255][204,195,94,255]
[222,208,135,255][222,208,135,255][222,208,135,255][222,208,135,255][222,208,135,255][222,208,135,255][222,208,135,255][222,208,135,255][89,85,224,255][89,85,224,255][89,85,224,255][89,85,224,255][89,85,224,255][89,85,224,255][89,85,224,255][89,85,224,255][89,85,224,255][89,85,224,255][89,85,224,255][89,85,224,255][89,85,224,255][89,85,224,255][89,85,224,255][89,85,224,255][89,85,224,255][116,208,125,255][116,208,125,255][116,208,125,255][89,85,224,255][204,195,94,255]
[89,85,224,255][89,85,224,255][89,85,224,255][89,85,224,255][89,85,224,255][89,85,224,255][89,85,224,255][89,85,224,255][89,85,224,255][89,85,224,255][89,85,224,255][89,85,224,255][89,85,224,255][89,85,224,255][89,85,224,255][89,85,224,255][89,85,224,255][89,85,224,255][89,85,224,255][89,85,224,255][89,85,224,255][89,85,224,255][89,85,224,255][89,85,224,255][89,85,224,255][116,208,125,255][116,208,125,255][89,85,224,255][116,208,125,255][204,195,94,255]
[89,85,224,255][89,85,224,255][89,85,224,255][89,85,224,255][89,85,224,255][89,85,224,255][89,85,224,255][255,255,255,255][255,255,255,255][89,85,224,255][89,85,224,255][89,85,224,255][89,85,224,255][89,85,224,255][89,85,224,255][89,85,224,255][89,85,224,255][89,85,224,255][89,85,224,255][89,85,224,255][89,85,224,255][89,85,224,255][89,85,224,255][89,85,224,255][89,85,224,255][89,85,224,255][89,85,224,255][116,208,125,255][116,208,125,255][204,195,94,255]
[89,85,224,255][89,85,224,255][89,85,224,255][89,85,224,255][89,85,224,255][89,85,224,255][255,255,255,255][255,255,255,255][89,85,224,255][89,85,224,255][89,85,224,255][89,85,224,255][89,85,224,255][89,85,224,255][89,85,224,255][89,85,224,255][89,85,224,255][89,85,224,255][89,85,224,255][89,85,224,255][89,85,224,255][89,85,224,255][89,85,224,255][89,85,224,255][89,85,224,255][255,255,255,255][89,85,224,255][89,85,224,255][89,85,224,255][204,195,94,255]
[89,85,224,255][89,85,224,255][89,85,224,255][89,85,224,255][89,85,224,255][89,85,224,255][89,85,224,255][89,85,224,255][255,255,255,255][255,255,255,255][89,85,224,255][89,85,224,255][89,85,224,255][89,85,224,255][89,85,224,255][89,85,224,255][89,85,224,255][89,85,224,255][89,85,224,255][89,85,224,255][89,85,224,255][89,85,224,255][89,85,224,255][89,85,224,255][89,85,224,255][89,85,224,255][89,85,224,255][89,85,224,255][89,85,224,255][204,195,94,255]
[89,85,224,255][89,85,224,255][89,85,224,255][89,85,224,255][89,85,224,255][89,85,224,255][89,85,224,255][255,255,255,255][255,255,255,255][89,85,224,255][89,85,224,255][89,85,224,255][89,85,224,255][89,85,224,255][89,85,224,255][89,85,224,255][89,85,224,255][89,85,224,255][89,85,224,255][89,85,224,255][89,85,224,255][89,85,224,255][89,85,224,255][89,85,224,255][89,85,224,255][89,85,224,255][89,85,224,255][89,85,224,255][89,85,224,255][204,195,94,255]
[89,85,224,255][89,85,224,255][89,85,224,255][89,85,224,255][89,85,224,255][255,255,255,255][255,255,255,255][89,85,224,255][89,85,224,255][89,85,224,255][89,85,224,255][89,85,224,255][89,85,224,255][89,85,224,255][89,85,224,255][255,255,255,255][89,85,224,255][89,85,224,255][89,85,224,255][89,85,224,255][89,85,224,255][89,85,224,255][89,85,224,255][89,85,224,255][89,85,224,255][89,85,224,255][89,85,224,255][89,85,224,255][89,85,224,255][204,195,94,255]
[89,85,224,255][89,85,224,255][89,85,224,255][89,85,224,255][89,85,224,255][89,85,224,255][89,85,224,255][255,255,255,255][255,255,255,255][89,85,224,255][89,85,224,255][89,85,224,255][89,85,224,255][89,85,224,255][89,85,224,255][89,85,224,255][89,85,224,255][89,85,224,255][89,85,224,255][89,85,224,255][89,85,224,255][89,85,224,255][89,85,224,255][89,85,224,255][89,85,224,255][89,85,224,255][89,85,224,255][222,208,135,255][222,208,135,255][204,195,94,255]
[89,85,224,255][89,85,224,255][89,85,224,255][89,85,224,255][89,85,224,255][89,85,224,255][255,255,255,255][255,255,255,255][89,85,224,255][89,85,224,255][89,85,224,255][89,85,224,255][89,85,224,255][89,85,224,255][89,85,224,255][89,85,224,255][89,85,224,255][89,85,224,255][89,85,224,255][89,85,224,255][89,85,224,255][89,85,224,255][89,85,224,255][89,85,224,255][89,85,224,255][89,85,224,255][222,208,135,255][222,208,135,255][204,204,204,255][204,195,94,255]
[89,85,224,255][89,85,224,255][89,85,224,255][89,85,224,255][89,85,224,255][89,85,224,255][89,85,224,255][255,255,255,255][89,85,224,255][89,85,224,255][89,85,224,255][89,85,224,255][89,85,224,255][89,85,224,255][89,85,224,255][89,85,224,255][89,85,224,255][89,85,224,255][89,85,224,255][89,85,224,255][89,85,224,255][89,85,224,255][89,85,224,255][222,208,135,255][222,208,135,255][222,208,135,255][222,208,135,255][222,208,135,255][222,208,135,255][204,195,94,255]
[89,85,224,255][89,85,224,255][89,85,224,255][89,85,224,255][89,85,224,255][89,85,224,255][89,85,224,255][89,85,224,255][255,255,255,255][89,85,224,255][89,85,224,255][89,85,224,255][89,85,224,255][89,85,224,255][89,85,224,255][89,85,224,255][89,85,224,255][89,85,224,255][222,208,135,255][222,208,135,255][222,208,135,255][222,208,135,255][222,208,135,255][222,208,135,255][222,208,135,255][222,208,135,255][222,208,135,255][222,208,135,255][222,208,135,255][204,195,94,255]
[89,85,224,255][89,85,224,255][89,85,224,255][89,85,224,255][89,85,224,255][89,85,224,255][89,85,224,255][255,255,255,255][89,85,224,255][89,85,224,255][89,85,224,255][89,85,224,255][89,85,224,255][89,85,224,255][89,85,224,255][222,208,135,255][222,208,135,255][222,208,135,255][222,208,135,255][222,208,135,255][222,208,135,255][222,208,135,255][222,208,135,255][222,208,135,255][222,208,135,255][222,208,135,255][222,208,135,255][222,208,135,255][222,208,135,255][204,195,94,255]
[89,85,224,255][255,255,255,255][89,85,224,255][89,85,224,255][89,85,224,255][89,85,224,255][89,85,224,255][255,255,255,255][89,85,224,255][89,85,224,255][89,85,224,255][89,85,224,255][222,208,135,255][222,208,135,255][222,208,135,255][222,208,135,255][222,208,135,255][222,208,135,255][222,208,135,255][222,208,135,255][222,208,135,255][222,208,135,255][222,208,135,255][222,208,135,255][222,208,135,255][222,208,135,255][222,208,135,255][222,208,135,255][222,208,135,255][204,195,94,255]
[89,85,224,255][89,85,224,255][89,85,224,255][89,85,224,255][89,85,224,255][89,85,224,255][89,85,224,255][222,208,135,255][222,208,135,255][222,208,135,255][222,208,135,255][222,208,135,255][222,208,135,255][222,208,135,255][222,208,135,255][222,208,135,255][222,208,135,255][222,208,135,255][222,208,135,255][222,208,135,255][204,204,204,255][222,208,135,255][222,208,135,255][222,208,135,255][222,208,135,255][222,208,135,255][204,204,204,255][222,208,135,255][222,208,135,255][204,195,94,255]
[89,85,224,255][89,85,224,255][89,85,224,255][222,208,135,255][222,208,135,255][222,208,135,255][222,208,135,255][204,204,204,255][222,208,135,255][222,208,135,255][222,208,135,255][222,208,135,255][222,208,135,255][222,208,135,255][222,208,135,255][204,204,204,255][222,208,135,255][222,208,135,255][222,208,135,255][222,208,135,255][222,208,135,255][222,208,135,255][222,208,135,255][222,208,135,255][222,208,135,255][222,208,135,255][222,208,135,255][222,208,135,255][222,208,135,255][204,195,94,255]
[222,208,135,255][222,208,135,255][222,208,135,255][222,208,135,255][222,208,135,255][222,208,135,255][222,208,135,255][222,208,135,255][222,208,135,255][222,208,135,255][222,208,135,255][222,208,135,255][222,208,135,255][222,208,135,255][222,208,135,255][222,208,135,255][222,208,135,255][222,208,135,255][222,208,135,255][222,208,135,255][222,208,135,255][222,208,135,255][222,208,135,255][222,208,135,255][222,208,135,255][222,208,135,255][222,208,135,255][222,208,135,255][222,208,135,255][204,195,94,255]
[222,208,135,255][222,208,135,255][222,208,135,255][222,208,135,255][222,208,135,255][222,208,135,255][222,208,135,255][222,208,135,255][222,208,135,255][204,204,204,255][222,208,135,255][222,208,135,255][222,208,135,255][222,208,135,255][222,208,135,255][204,204,204,255][222,208,135,255][222,208,135,255][222,208,135,255][222,208,135,255][222,208,135,255][204,204,204,255][222,208,135,255][222,208,135,255][222,208,135,255][222,208,135,255][222,208,135,255][222,208,135,255][222,208,135,255][204,195,94,255]

